24
8
12
99
52
16
15
23
13
7
45
9
44
4
32
46
76
96
22
30
76
85
15
96
26
51
95
92
80
92
78
70
63
49
50
20
83
87
31
36
12
48
99
1
3
1
49
53
70
85
16
84
89
84
84
67
72
29
97
44
90
78
13
57
76
74
89
48
24
50
96
23
50
81
2
89
92
9
87
81
27
68
24
2
49
19
13
29
22
7
2
28
32
5
52
52
70
40
67
62
82
15
53
30
74
96
54
88
48
81
12
32
27
90
34
2
66
28
76
63
29
96
50
51
63
43
91
72
73
27
66
99
69
35
67
83
40
9
40
7
79
41
46
77
46
18
11
6
38
73
91
96
35
49
54
15
78
23
25
31
69
37
45
35
51
30
42
0
31
63
51
34
44
5
34
85
32
92
54
50
49
19
12
72
57
37
1
65
26
12
95
23
90
52
61
46
73
4
98
83
49
38
79
88
52
89
51
94
9
73
75
96
48
66
63
7
20
53
60
37
94
15
69
31
80
32
29
35
49
17
31
15
9
3
72
30
6
25
31
89
9
16
31
94
66
18
14
1
90
20
85
34
43
13
55
39
43
8
33
94
47
17
88
85
51
85
67
64
7
17
20
23
96
38
80
24
60
34
71
54
12
78
2
21
53
72
65
99
19
88
13
93
42
32
2
63
31
85
7
9
22
28
3
75
50
6
84
95
26
92
7
39
99
32
78
77
55
57
54
12
16
89
58
22
51
98
65
59
97
5
97
30
71
96
12
17
91
28
23
3
27
43
30
14
73
13
14
36
97
44
11
68
34
42
23
30
81
62
89
19
61
64
31
50
48
95
50
73
39
25
51
52
75
66
16
9
56
61
61
72
88
5
16
89
21
15
52
28
93
42
26
73
7
40
39
46
67
91
55
19
30
68
22
77
87
95
84
35
62
73
7
21
20
87
61
38
65
65
37
69
38
64
23
56
91
89
48
30
80
6
65
36
76
90
95
11
75
64
11
28
53
73
72
60
12
4
34
27
59
16
15
9
25
85
9
89
25
55
35
6
64
53
37
6
21
94
67
65
98
74
13
72
68
79
21
61
56
35
62
0
65
38
57
63
82
18
8
30
53
39
78
5
62
88
66
7
86
68
92
25
41
69
54
32
90
65
9
8
70
27
70
6
88
42
96
40
0
25
8
28
27
65
4
4
63
87
98
50
17
29
68
53
23
34
66
94
93
19
32
84
91
18
54
95
20
37
50
92
75
75
4
20
43
67
30
86
75
42
59
67
23
60
54
53
77
14
60
52
32
24
34
29
49
90
66
17
18
81
41
78
8
12
17
97
54
56
61
52
85
69
6
38
17
18
31
10
42
92
5
49
66
4
28
65
72
8
49
23
60
29
84
43
26
35
63
43
42
61
26
98
77
51
11
28
89
38
10
24
99
47
5
69
1
44
69
34
60
56
64
45
56
34
44
11
59
54
74
26
96
16
56
99
24
82
21
51
96
20
47
62
11
71
96
88
8
63
93
57
99
18
47
63
56
91
60
13
24
36
42
14
72
53
36
85
78
52
30
53
75
53
30
26
51
47
33
19
19
18
21
65
60
38
2
85
25
69
24
86
83
36
78
12
47
46
9
85
10
23
92
69
12
69
28
33
46
13
89
64
57
64
56
3
61
16
89
7
84
23
4
98
44
88
11
86
3
14
79
26
88
61
56
87
5
38
92
94
41
83
76
69
32
33
50
27
66
28
43
98
31
61
40
40
94
94
65
90
18
18
66
34
90
3
10
15
32
42
66
31
59
75
86
29
19
38
39
4
84
45
97
73
64
48
97
9
22
95
0
31
18
84
38
85
21
17
25
33
91
49
91
69
93
83
39
0
14
30
72
99
58
9
59
0
58
75
54
45
71
51
87
57
8
52
28
29
64
23
58
94
68
46
65
31
19
44
82
54
13
30
52
60
69
75
61
95
4
3
80
59
86
71
27
12
49
96
39
48
28
85
86
69
65
89
62
58
48
78
96
51
24
77
47
34
53
86
30
46
60
83
10
24
38
28
68
57
7
3
24
87
88
67
58
53
53
63
10
74
17
97
21
0
95
40
54
94
5
43
51
17
0
99
0
43
44
69
62
94
24
82
78
33
14
25
33
48
51
35
83
78
97
97
5
83
82
1
16
48
50
98
4
97
82
68
30
9
67
5
69
29
87
59
8
3
42
90
89
53
69
5
19
83
84
81
59
70
33
47
13
87
67
23
65
16
61
49
4
50
4
92
96
21
